accuracy: 69.91497710922171
roc_auc: 0.8960910560035734
