accuracy: 61.34728580771746
roc_auc: 0.8468230377827729
