accuracy: 69.63460730785384
roc_auc: 0.8645041716775387
