accuracy: 70.93658126837464
roc_auc: 0.8767358895732912
